/home/liuxuan/projects/Multi_HDA/data.py:191: FutureWarning: Series.__getitem__ treating keys as positions is deprecated. In a future version, integer keys will always be treated as labels (consistent with DataFrame behavior). To access a value by position, use `ser.iloc[pos]`
  if ccle_labels.iloc[i][idx] == 1:
/home/liuxuan/projects/Multi_HDA/data.py:195: FutureWarning: Series.__getitem__ treating keys as positions is deprecated. In a future version, integer keys will always be treated as labels (consistent with DataFrame behavior). To access a value by position, use `ser.iloc[pos]`
  if ccle_labels.iloc[i][j] == 1:
/home/liuxuan/projects/Multi_HDA/data.py:191: FutureWarning: Series.__getitem__ treating keys as positions is deprecated. In a future version, integer keys will always be treated as labels (consistent with DataFrame behavior). To access a value by position, use `ser.iloc[pos]`
  if ccle_labels.iloc[i][idx] == 1:
/home/liuxuan/projects/Multi_HDA/data.py:195: FutureWarning: Series.__getitem__ treating keys as positions is deprecated. In a future version, integer keys will always be treated as labels (consistent with DataFrame behavior). To access a value by position, use `ser.iloc[pos]`
  if ccle_labels.iloc[i][j] == 1:
AE training epoch 0
AE training epoch 50
tcga_labeled_df========================================================
              Cisplatin  Paclitaxel  ...  Docetaxel  Etoposide
TCGA-13-A5FT        1.0         1.0  ...        NaN        NaN
TCGA-18-3415        1.0         NaN  ...        NaN        NaN
TCGA-29-A5NZ        NaN         1.0  ...        NaN        NaN
TCGA-2G-AAF6        1.0         NaN  ...        NaN        1.0
TCGA-2G-AAF8        1.0         NaN  ...        NaN        1.0
...                 ...         ...  ...        ...        ...
TCGA-ZF-AA53        1.0         NaN  ...        NaN        NaN
TCGA-ZF-AA58        1.0         NaN  ...        NaN        NaN
TCGA-ZF-AA5H        0.0         NaN  ...        NaN        NaN
TCGA-ZM-AA05        1.0         NaN  ...        NaN        1.0
TCGA-ZM-AA06        1.0         NaN  ...        NaN        1.0

[568 rows x 8 columns]
replaced_tcga_labeled_df========================================================
              Cisplatin  Paclitaxel  ...  Docetaxel  Etoposide
TCGA-13-A5FT        1.0         1.0  ...        0.0        0.0
TCGA-18-3415        1.0         0.0  ...        0.0        0.0
TCGA-29-A5NZ        0.0         1.0  ...        0.0        0.0
TCGA-2G-AAF6        1.0         0.0  ...        0.0        1.0
TCGA-2G-AAF8        1.0         0.0  ...        0.0        1.0
...                 ...         ...  ...        ...        ...
TCGA-ZF-AA53        1.0         0.0  ...        0.0        0.0
TCGA-ZF-AA58        1.0         0.0  ...        0.0        0.0
TCGA-ZF-AA5H       -1.0         0.0  ...        0.0        0.0
TCGA-ZM-AA05        1.0         0.0  ...        0.0        1.0
TCGA-ZM-AA06        1.0         0.0  ...        0.0        1.0

[568 rows x 8 columns]
tcga_labeled_gex_feature_df==============================================
                 PARVA     FMNL1      SORD  ...       LBH      MT1G       LYN
TCGA-13-A5FT -0.739746  0.166437 -0.546616  ... -0.732071  0.019915 -0.011012
TCGA-18-3415  0.505251 -0.930455  0.967023  ...  0.844738 -0.567679  1.088665
TCGA-29-A5NZ  0.761802  0.353674  0.319510  ...  1.026840  0.511013  0.527893
TCGA-2G-AAF6 -2.402115  0.709221 -0.408143  ...  1.313944  0.778215 -0.039788
TCGA-2G-AAF8 -2.070923  0.396190 -0.757098  ...  1.092503  1.393490 -0.303634
...                ...       ...       ...  ...       ...       ...       ...
TCGA-ZF-AA53 -0.140050  0.316769 -0.853720  ...  0.200803  0.434672  0.844303
TCGA-ZF-AA58  0.729927  1.783304 -1.299105  ...  0.293584  0.572052  0.753146
TCGA-ZF-AA5H -0.046504  1.203150 -0.530319  ...  0.508237 -0.040612  0.613372
TCGA-ZM-AA05 -2.641976  0.824592 -1.899810  ... -1.297006  0.814065 -0.064098
TCGA-ZM-AA06 -2.550445  0.096850 -1.820648  ... -0.359298  1.185442 -1.291784

[568 rows x 1426 columns]
Cell Line labels==============================================================
DRUG_NAME   cisplatin  paclitaxel  ...  docetaxel  etoposide
ACH-000534        1.0         1.0  ...        1.0        0.0
ACH-001498        0.0         1.0  ...        1.0        1.0
ACH-000545        1.0         1.0  ...        1.0        1.0
ACH-001617        0.0         NaN  ...        1.0        NaN
ACH-000470        0.0         1.0  ...        0.0        0.0
...               ...         ...  ...        ...        ...
ACH-000603        0.0         NaN  ...        0.0        0.0
ACH-000916        0.0         0.0  ...        0.0        0.0
ACH-000978        0.0         0.0  ...        0.0        0.0
ACH-000561        0.0         1.0  ...        1.0        0.0
ACH-000052        1.0         1.0  ...        1.0        1.0

[680 rows x 8 columns]
Replaced ccle_labels=====================================================
DRUG_NAME   cisplatin  paclitaxel  ...  docetaxel  etoposide
ACH-000534        1.0         1.0  ...        1.0       -1.0
ACH-001498       -1.0         1.0  ...        1.0        1.0
ACH-000545        1.0         1.0  ...        1.0        1.0
ACH-001617       -1.0         0.0  ...        1.0        0.0
ACH-000470       -1.0         1.0  ...       -1.0       -1.0
...               ...         ...  ...        ...        ...
ACH-000603       -1.0         0.0  ...       -1.0       -1.0
ACH-000916       -1.0        -1.0  ...       -1.0       -1.0
ACH-000978       -1.0        -1.0  ...       -1.0       -1.0
ACH-000561       -1.0         1.0  ...        1.0       -1.0
ACH-000052        1.0         1.0  ...        1.0        1.0

[680 rows x 8 columns]
Sum of Cell Line labels=======================================================
DRUG_NAME
cisplatin           70.0
paclitaxel          38.0
cyclophosphamide    65.0
doxorubicin        -22.0
5-fluorouracil     -17.0
gemcitabine          9.0
docetaxel           13.0
etoposide           20.0
dtype: float64
[70.0, 38.0, 65.0, -22.0, -17.0, 9.0, 13.0, 20.0]
Label Graph===================================================================
[[ 70. 235. 221. 218. 242. 285. 251. 219.]
 [235.  38. 233. 199. 225. 223. 260. 194.]
 [221. 233.  65. 180. 190. 206. 225. 168.]
 [218. 199. 180. -22. 193. 230. 213. 247.]
 [242. 225. 190. 193. -17. 242. 233. 185.]
 [285. 223. 206. 230. 242.   9. 241. 227.]
 [251. 260. 225. 213. 233. 241.  13. 207.]
 [219. 194. 168. 247. 185. 227. 207.  20.]]
Normalizered Label Graph============================================================
[[0 1 1 1 1 1 1 1]
 [1 0 1 1 1 1 1 1]
 [1 1 0 1 1 1 1 1]
 [1 1 1 0 1 1 1 1]
 [1 1 1 1 0 1 1 1]
 [1 1 1 1 1 0 1 1]
 [1 1 1 1 1 1 0 1]
 [1 1 1 1 1 1 1 0]]
Label Similarity============================================================
[[1.         0.00138313 0.00269542 0.00200938 0.         0.0019802
  0.00139567 0.00143472]
 [0.00138313 1.         0.16827853 0.59391965 0.09145527 0.42890443
  0.92436412 0.57468073]
 [0.00269542 0.16827853 1.         0.17424242 0.05871212 0.16709075
  0.17198697 0.17255163]
 [0.00200938 0.59391965 0.17424242 1.         0.09499024 0.43678161
  0.59901532 0.68753657]
 [0.         0.09145527 0.05871212 0.09499024 1.         0.11121409
  0.09446694 0.09022039]
 [0.0019802  0.42890443 0.16709075 0.43678161 0.11121409 1.
  0.42050087 0.41676505]
 [0.00139567 0.92436412 0.17198697 0.59901532 0.09446694 0.42050087
  1.         0.57445622]
 [0.00143472 0.57468073 0.17255163 0.68753657 0.09022039 0.41676505
  0.57445622 1.        ]]
-------------------- ['Cisplatin', 'Paclitaxel', 'Cyclophosphamide', 'Doxorubicin', '5-Fluorouracil', 'Gemcitabine', 'Docetaxel', 'Etoposide']
Cline training samples: torch.Size([544, 8])
Cline testing samples: torch.Size([136, 8])
TCGA testing samples: torch.Size([568, 8])
classification training epoch 0
classification training epoch 50
------domain adaption--------------
Traceback (most recent call last):
  File "/home/liuxuan/projects/Multi_HDA/main.py", line 142, in <module>
    main(args=args, params_dict=param,
  File "/home/liuxuan/projects/Multi_HDA/main.py", line 88, in main
    network, results = domain_training.training(encoder=ft_encoder,
  File "/home/liuxuan/projects/Multi_HDA/domain_training.py", line 96, in training
    transfer_loss, heuristic = myloss.HDA_UDA(hiddens, focals, len_s, len_t, ad_net, calc_coeff(epoch))
  File "/home/liuxuan/projects/Multi_HDA/myloss.py", line 42, in HDA_UDA
    return myloss(ad_out,dc_target), heuristic
  File "/home/liuxuan/anaconda3/envs/pytorch/lib/python3.10/site-packages/torch/nn/modules/module.py", line 1727, in _wrapped_call_impl
    return self._call_impl(*args, **kwargs)
  File "/home/liuxuan/anaconda3/envs/pytorch/lib/python3.10/site-packages/torch/nn/modules/module.py", line 1738, in _call_impl
    return forward_call(*args, **kwargs)
  File "/home/liuxuan/projects/Multi_HDA/myloss.py", line 12, in forward
    entropy = - label * torch.log(input_ + self.epsilon) -(1 - label) * torch.log(1 - input_ + self.epsilon)
RuntimeError: Expected all tensors to be on the same device, but found at least two devices, cuda:0 and cuda:2!
/home/liuxuan/projects/Multi_HDA/data.py:191: FutureWarning: Series.__getitem__ treating keys as positions is deprecated. In a future version, integer keys will always be treated as labels (consistent with DataFrame behavior). To access a value by position, use `ser.iloc[pos]`
  if ccle_labels.iloc[i][idx] == 1:
/home/liuxuan/projects/Multi_HDA/data.py:195: FutureWarning: Series.__getitem__ treating keys as positions is deprecated. In a future version, integer keys will always be treated as labels (consistent with DataFrame behavior). To access a value by position, use `ser.iloc[pos]`
  if ccle_labels.iloc[i][j] == 1:
AE training epoch 0
AE training epoch 50
tcga_labeled_df========================================================
              Cisplatin  Paclitaxel  ...  Docetaxel  Etoposide
TCGA-13-A5FT        1.0         1.0  ...        NaN        NaN
TCGA-18-3415        1.0         NaN  ...        NaN        NaN
TCGA-29-A5NZ        NaN         1.0  ...        NaN        NaN
TCGA-2G-AAF6        1.0         NaN  ...        NaN        1.0
TCGA-2G-AAF8        1.0         NaN  ...        NaN        1.0
...                 ...         ...  ...        ...        ...
TCGA-ZF-AA53        1.0         NaN  ...        NaN        NaN
TCGA-ZF-AA58        1.0         NaN  ...        NaN        NaN
TCGA-ZF-AA5H        0.0         NaN  ...        NaN        NaN
TCGA-ZM-AA05        1.0         NaN  ...        NaN        1.0
TCGA-ZM-AA06        1.0         NaN  ...        NaN        1.0

[568 rows x 8 columns]
replaced_tcga_labeled_df========================================================
              Cisplatin  Paclitaxel  ...  Docetaxel  Etoposide
TCGA-13-A5FT        1.0         1.0  ...        0.0        0.0
TCGA-18-3415        1.0         0.0  ...        0.0        0.0
TCGA-29-A5NZ        0.0         1.0  ...        0.0        0.0
TCGA-2G-AAF6        1.0         0.0  ...        0.0        1.0
TCGA-2G-AAF8        1.0         0.0  ...        0.0        1.0
...                 ...         ...  ...        ...        ...
TCGA-ZF-AA53        1.0         0.0  ...        0.0        0.0
TCGA-ZF-AA58        1.0         0.0  ...        0.0        0.0
TCGA-ZF-AA5H       -1.0         0.0  ...        0.0        0.0
TCGA-ZM-AA05        1.0         0.0  ...        0.0        1.0
TCGA-ZM-AA06        1.0         0.0  ...        0.0        1.0

[568 rows x 8 columns]
tcga_labeled_gex_feature_df==============================================
                 PARVA     FMNL1      SORD  ...       LBH      MT1G       LYN
TCGA-13-A5FT -0.739746  0.166437 -0.546616  ... -0.732071  0.019915 -0.011012
TCGA-18-3415  0.505251 -0.930455  0.967023  ...  0.844738 -0.567679  1.088665
TCGA-29-A5NZ  0.761802  0.353674  0.319510  ...  1.026840  0.511013  0.527893
TCGA-2G-AAF6 -2.402115  0.709221 -0.408143  ...  1.313944  0.778215 -0.039788
TCGA-2G-AAF8 -2.070923  0.396190 -0.757098  ...  1.092503  1.393490 -0.303634
...                ...       ...       ...  ...       ...       ...       ...
TCGA-ZF-AA53 -0.140050  0.316769 -0.853720  ...  0.200803  0.434672  0.844303
TCGA-ZF-AA58  0.729927  1.783304 -1.299105  ...  0.293584  0.572052  0.753146
TCGA-ZF-AA5H -0.046504  1.203150 -0.530319  ...  0.508237 -0.040612  0.613372
TCGA-ZM-AA05 -2.641976  0.824592 -1.899810  ... -1.297006  0.814065 -0.064098
TCGA-ZM-AA06 -2.550445  0.096850 -1.820648  ... -0.359298  1.185442 -1.291784

[568 rows x 1426 columns]
Cell Line labels==============================================================
DRUG_NAME   cisplatin  paclitaxel  ...  docetaxel  etoposide
ACH-000534        1.0         1.0  ...        1.0        0.0
ACH-001498        0.0         1.0  ...        1.0        1.0
ACH-000545        1.0         1.0  ...        1.0        1.0
ACH-001617        0.0         NaN  ...        1.0        NaN
ACH-000470        0.0         1.0  ...        0.0        0.0
...               ...         ...  ...        ...        ...
ACH-000603        0.0         NaN  ...        0.0        0.0
ACH-000916        0.0         0.0  ...        0.0        0.0
ACH-000978        0.0         0.0  ...        0.0        0.0
ACH-000561        0.0         1.0  ...        1.0        0.0
ACH-000052        1.0         1.0  ...        1.0        1.0

[680 rows x 8 columns]
Replaced ccle_labels=====================================================
DRUG_NAME   cisplatin  paclitaxel  ...  docetaxel  etoposide
ACH-000534        1.0         1.0  ...        1.0       -1.0
ACH-001498       -1.0         1.0  ...        1.0        1.0
ACH-000545        1.0         1.0  ...        1.0        1.0
ACH-001617       -1.0         0.0  ...        1.0        0.0
ACH-000470       -1.0         1.0  ...       -1.0       -1.0
...               ...         ...  ...        ...        ...
ACH-000603       -1.0         0.0  ...       -1.0       -1.0
ACH-000916       -1.0        -1.0  ...       -1.0       -1.0
ACH-000978       -1.0        -1.0  ...       -1.0       -1.0
ACH-000561       -1.0         1.0  ...        1.0       -1.0
ACH-000052        1.0         1.0  ...        1.0        1.0

[680 rows x 8 columns]
Sum of Cell Line labels=======================================================
DRUG_NAME
cisplatin           70.0
paclitaxel          38.0
cyclophosphamide    65.0
doxorubicin        -22.0
5-fluorouracil     -17.0
gemcitabine          9.0
docetaxel           13.0
etoposide           20.0
dtype: float64
[70.0, 38.0, 65.0, -22.0, -17.0, 9.0, 13.0, 20.0]
Label Graph===================================================================
[[ 70. 235. 221. 218. 242. 285. 251. 219.]
 [235.  38. 233. 199. 225. 223. 260. 194.]
 [221. 233.  65. 180. 190. 206. 225. 168.]
 [218. 199. 180. -22. 193. 230. 213. 247.]
 [242. 225. 190. 193. -17. 242. 233. 185.]
 [285. 223. 206. 230. 242.   9. 241. 227.]
 [251. 260. 225. 213. 233. 241.  13. 207.]
 [219. 194. 168. 247. 185. 227. 207.  20.]]
Normalizered Label Graph============================================================
[[0 1 1 1 1 1 1 1]
 [1 0 1 1 1 1 1 1]
 [1 1 0 1 1 1 1 1]
 [1 1 1 0 1 1 1 1]
 [1 1 1 1 0 1 1 1]
 [1 1 1 1 1 0 1 1]
 [1 1 1 1 1 1 0 1]
 [1 1 1 1 1 1 1 0]]
Label Similarity============================================================
[[1.         0.00138313 0.00269542 0.00200938 0.         0.0019802
  0.00139567 0.00143472]
 [0.00138313 1.         0.16827853 0.59391965 0.09145527 0.42890443
  0.92436412 0.57468073]
 [0.00269542 0.16827853 1.         0.17424242 0.05871212 0.16709075
  0.17198697 0.17255163]
 [0.00200938 0.59391965 0.17424242 1.         0.09499024 0.43678161
  0.59901532 0.68753657]
 [0.         0.09145527 0.05871212 0.09499024 1.         0.11121409
  0.09446694 0.09022039]
 [0.0019802  0.42890443 0.16709075 0.43678161 0.11121409 1.
  0.42050087 0.41676505]
 [0.00139567 0.92436412 0.17198697 0.59901532 0.09446694 0.42050087
  1.         0.57445622]
 [0.00143472 0.57468073 0.17255163 0.68753657 0.09022039 0.41676505
  0.57445622 1.        ]]
-------------------- ['Cisplatin', 'Paclitaxel', 'Cyclophosphamide', 'Doxorubicin', '5-Fluorouracil', 'Gemcitabine', 'Docetaxel', 'Etoposide']
Cline training samples: torch.Size([544, 8])
Cline testing samples: torch.Size([136, 8])
TCGA testing samples: torch.Size([568, 8])
classification training epoch 0
classification training epoch 50
------domain adaption--------------
8-drug Elapsed time:  242.1517
-------------------- ['Cisplatin', 'Paclitaxel', 'Cyclophosphamide', 'Doxorubicin', '5-Fluorouracil', 'Gemcitabine', 'Docetaxel', 'Etoposide']
Cline training samples: torch.Size([544, 8])
Cline testing samples: torch.Size([136, 8])
TCGA testing samples: torch.Size([568, 8])
classification training epoch 0
classification training epoch 50
------domain adaption--------------
8-drug Elapsed time:  201.6256
-------------------- ['Cisplatin', 'Paclitaxel', 'Cyclophosphamide', 'Doxorubicin', '5-Fluorouracil', 'Gemcitabine', 'Docetaxel', 'Etoposide']
Cline training samples: torch.Size([544, 8])
Cline testing samples: torch.Size([136, 8])
TCGA testing samples: torch.Size([568, 8])
classification training epoch 0
classification training epoch 50
------domain adaption--------------
8-drug Elapsed time:  194.2085
-------------------- ['Cisplatin', 'Paclitaxel', 'Cyclophosphamide', 'Doxorubicin', '5-Fluorouracil', 'Gemcitabine', 'Docetaxel', 'Etoposide']
Cline training samples: torch.Size([544, 8])
Cline testing samples: torch.Size([136, 8])
TCGA testing samples: torch.Size([568, 8])
classification training epoch 0
classification training epoch 50
------domain adaption--------------
8-drug Elapsed time:  197.6333
-------------------- ['Cisplatin', 'Paclitaxel', 'Cyclophosphamide', 'Doxorubicin', '5-Fluorouracil', 'Gemcitabine', 'Docetaxel', 'Etoposide']
Cline training samples: torch.Size([544, 8])
Cline testing samples: torch.Size([136, 8])
TCGA testing samples: torch.Size([568, 8])
/home/liuxuan/projects/Multi_HDA/data.py:191: FutureWarning: Series.__getitem__ treating keys as positions is deprecated. In a future version, integer keys will always be treated as labels (consistent with DataFrame behavior). To access a value by position, use `ser.iloc[pos]`
  if ccle_labels.iloc[i][idx] == 1:
/home/liuxuan/projects/Multi_HDA/data.py:195: FutureWarning: Series.__getitem__ treating keys as positions is deprecated. In a future version, integer keys will always be treated as labels (consistent with DataFrame behavior). To access a value by position, use `ser.iloc[pos]`
  if ccle_labels.iloc[i][j] == 1:
classification training epoch 0
classification training epoch 50
------domain adaption--------------
8-drug Elapsed time:  212.5221
AE training epoch 0
AE training epoch 50
tcga_labeled_df========================================================
              Cisplatin  Paclitaxel  ...  Docetaxel  Etoposide
TCGA-13-A5FT        1.0         1.0  ...        NaN        NaN
TCGA-18-3415        1.0         NaN  ...        NaN        NaN
TCGA-29-A5NZ        NaN         1.0  ...        NaN        NaN
TCGA-2G-AAF6        1.0         NaN  ...        NaN        1.0
TCGA-2G-AAF8        1.0         NaN  ...        NaN        1.0
...                 ...         ...  ...        ...        ...
TCGA-ZF-AA53        1.0         NaN  ...        NaN        NaN
TCGA-ZF-AA58        1.0         NaN  ...        NaN        NaN
TCGA-ZF-AA5H        0.0         NaN  ...        NaN        NaN
TCGA-ZM-AA05        1.0         NaN  ...        NaN        1.0
TCGA-ZM-AA06        1.0         NaN  ...        NaN        1.0

[568 rows x 8 columns]
replaced_tcga_labeled_df========================================================
              Cisplatin  Paclitaxel  ...  Docetaxel  Etoposide
TCGA-13-A5FT        1.0         1.0  ...        0.0        0.0
TCGA-18-3415        1.0         0.0  ...        0.0        0.0
TCGA-29-A5NZ        0.0         1.0  ...        0.0        0.0
TCGA-2G-AAF6        1.0         0.0  ...        0.0        1.0
TCGA-2G-AAF8        1.0         0.0  ...        0.0        1.0
...                 ...         ...  ...        ...        ...
TCGA-ZF-AA53        1.0         0.0  ...        0.0        0.0
TCGA-ZF-AA58        1.0         0.0  ...        0.0        0.0
TCGA-ZF-AA5H       -1.0         0.0  ...        0.0        0.0
TCGA-ZM-AA05        1.0         0.0  ...        0.0        1.0
TCGA-ZM-AA06        1.0         0.0  ...        0.0        1.0

[568 rows x 8 columns]
tcga_labeled_gex_feature_df==============================================
                 PARVA     FMNL1      SORD  ...       LBH      MT1G       LYN
TCGA-13-A5FT -0.739746  0.166437 -0.546616  ... -0.732071  0.019915 -0.011012
TCGA-18-3415  0.505251 -0.930455  0.967023  ...  0.844738 -0.567679  1.088665
TCGA-29-A5NZ  0.761802  0.353674  0.319510  ...  1.026840  0.511013  0.527893
TCGA-2G-AAF6 -2.402115  0.709221 -0.408143  ...  1.313944  0.778215 -0.039788
TCGA-2G-AAF8 -2.070923  0.396190 -0.757098  ...  1.092503  1.393490 -0.303634
...                ...       ...       ...  ...       ...       ...       ...
TCGA-ZF-AA53 -0.140050  0.316769 -0.853720  ...  0.200803  0.434672  0.844303
TCGA-ZF-AA58  0.729927  1.783304 -1.299105  ...  0.293584  0.572052  0.753146
TCGA-ZF-AA5H -0.046504  1.203150 -0.530319  ...  0.508237 -0.040612  0.613372
TCGA-ZM-AA05 -2.641976  0.824592 -1.899810  ... -1.297006  0.814065 -0.064098
TCGA-ZM-AA06 -2.550445  0.096850 -1.820648  ... -0.359298  1.185442 -1.291784

[568 rows x 1426 columns]
Cell Line labels==============================================================
DRUG_NAME   cisplatin  paclitaxel  ...  docetaxel  etoposide
ACH-000534        1.0         1.0  ...        1.0        0.0
ACH-001498        0.0         1.0  ...        1.0        1.0
ACH-000545        1.0         1.0  ...        1.0        1.0
ACH-001617        0.0         NaN  ...        1.0        NaN
ACH-000470        0.0         1.0  ...        0.0        0.0
...               ...         ...  ...        ...        ...
ACH-000603        0.0         NaN  ...        0.0        0.0
ACH-000916        0.0         0.0  ...        0.0        0.0
ACH-000978        0.0         0.0  ...        0.0        0.0
ACH-000561        0.0         1.0  ...        1.0        0.0
ACH-000052        1.0         1.0  ...        1.0        1.0

[680 rows x 8 columns]
Replaced ccle_labels=====================================================
DRUG_NAME   cisplatin  paclitaxel  ...  docetaxel  etoposide
ACH-000534        1.0         1.0  ...        1.0       -1.0
ACH-001498       -1.0         1.0  ...        1.0        1.0
ACH-000545        1.0         1.0  ...        1.0        1.0
ACH-001617       -1.0         0.0  ...        1.0        0.0
ACH-000470       -1.0         1.0  ...       -1.0       -1.0
...               ...         ...  ...        ...        ...
ACH-000603       -1.0         0.0  ...       -1.0       -1.0
ACH-000916       -1.0        -1.0  ...       -1.0       -1.0
ACH-000978       -1.0        -1.0  ...       -1.0       -1.0
ACH-000561       -1.0         1.0  ...        1.0       -1.0
ACH-000052        1.0         1.0  ...        1.0        1.0

[680 rows x 8 columns]
Sum of Cell Line labels=======================================================
DRUG_NAME
cisplatin           70.0
paclitaxel          38.0
cyclophosphamide    65.0
doxorubicin        -22.0
5-fluorouracil     -17.0
gemcitabine          9.0
docetaxel           13.0
etoposide           20.0
dtype: float64
[70.0, 38.0, 65.0, -22.0, -17.0, 9.0, 13.0, 20.0]
Label Graph===================================================================
[[ 70. 235. 221. 218. 242. 285. 251. 219.]
 [235.  38. 233. 199. 225. 223. 260. 194.]
 [221. 233.  65. 180. 190. 206. 225. 168.]
 [218. 199. 180. -22. 193. 230. 213. 247.]
 [242. 225. 190. 193. -17. 242. 233. 185.]
 [285. 223. 206. 230. 242.   9. 241. 227.]
 [251. 260. 225. 213. 233. 241.  13. 207.]
 [219. 194. 168. 247. 185. 227. 207.  20.]]
Normalizered Label Graph============================================================
[[0 1 1 1 1 1 1 1]
 [1 0 1 1 1 1 1 1]
 [1 1 0 1 1 1 1 1]
 [1 1 1 0 1 1 1 1]
 [1 1 1 1 0 1 1 1]
 [1 1 1 1 1 0 1 1]
 [1 1 1 1 1 1 0 1]
 [1 1 1 1 1 1 1 0]]
Label Similarity============================================================
[[1.         0.00138313 0.00269542 0.00200938 0.         0.0019802
  0.00139567 0.00143472]
 [0.00138313 1.         0.16827853 0.59391965 0.09145527 0.42890443
  0.92436412 0.57468073]
 [0.00269542 0.16827853 1.         0.17424242 0.05871212 0.16709075
  0.17198697 0.17255163]
 [0.00200938 0.59391965 0.17424242 1.         0.09499024 0.43678161
  0.59901532 0.68753657]
 [0.         0.09145527 0.05871212 0.09499024 1.         0.11121409
  0.09446694 0.09022039]
 [0.0019802  0.42890443 0.16709075 0.43678161 0.11121409 1.
  0.42050087 0.41676505]
 [0.00139567 0.92436412 0.17198697 0.59901532 0.09446694 0.42050087
  1.         0.57445622]
 [0.00143472 0.57468073 0.17255163 0.68753657 0.09022039 0.41676505
  0.57445622 1.        ]]
-------------------- ['Cisplatin', 'Paclitaxel', 'Cyclophosphamide', 'Doxorubicin', '5-Fluorouracil', 'Gemcitabine', 'Docetaxel', 'Etoposide']
Cline training samples: torch.Size([544, 8])
Cline testing samples: torch.Size([136, 8])
TCGA testing samples: torch.Size([568, 8])
classification training epoch 0
classification training epoch 50
------domain adaption--------------
8-drug Elapsed time:  212.2673
-------------------- ['Cisplatin', 'Paclitaxel', 'Cyclophosphamide', 'Doxorubicin', '5-Fluorouracil', 'Gemcitabine', 'Docetaxel', 'Etoposide']
Cline training samples: torch.Size([544, 8])
Cline testing samples: torch.Size([136, 8])
TCGA testing samples: torch.Size([568, 8])
classification training epoch 0
classification training epoch 50
------domain adaption--------------
8-drug Elapsed time:  215.2924
-------------------- ['Cisplatin', 'Paclitaxel', 'Cyclophosphamide', 'Doxorubicin', '5-Fluorouracil', 'Gemcitabine', 'Docetaxel', 'Etoposide']
Cline training samples: torch.Size([544, 8])
Cline testing samples: torch.Size([136, 8])
TCGA testing samples: torch.Size([568, 8])
classification training epoch 0
classification training epoch 50
------domain adaption--------------
8-drug Elapsed time:  200.5294
-------------------- ['Cisplatin', 'Paclitaxel', 'Cyclophosphamide', 'Doxorubicin', '5-Fluorouracil', 'Gemcitabine', 'Docetaxel', 'Etoposide']
Cline training samples: torch.Size([544, 8])
Cline testing samples: torch.Size([136, 8])
TCGA testing samples: torch.Size([568, 8])
classification training epoch 0
classification training epoch 50
------domain adaption--------------
8-drug Elapsed time:  202.1693
-------------------- ['Cisplatin', 'Paclitaxel', 'Cyclophosphamide', 'Doxorubicin', '5-Fluorouracil', 'Gemcitabine', 'Docetaxel', 'Etoposide']
/home/liuxuan/projects/Multi_HDA/data.py:191: FutureWarning: Series.__getitem__ treating keys as positions is deprecated. In a future version, integer keys will always be treated as labels (consistent with DataFrame behavior). To access a value by position, use `ser.iloc[pos]`
  if ccle_labels.iloc[i][idx] == 1:
/home/liuxuan/projects/Multi_HDA/data.py:195: FutureWarning: Series.__getitem__ treating keys as positions is deprecated. In a future version, integer keys will always be treated as labels (consistent with DataFrame behavior). To access a value by position, use `ser.iloc[pos]`
  if ccle_labels.iloc[i][j] == 1:
Cline training samples: torch.Size([544, 8])
Cline testing samples: torch.Size([136, 8])
TCGA testing samples: torch.Size([568, 8])
classification training epoch 0
classification training epoch 50
------domain adaption--------------
8-drug Elapsed time:  198.9797
AE training epoch 0
AE training epoch 50
tcga_labeled_df========================================================
              Cisplatin  Paclitaxel  ...  Docetaxel  Etoposide
TCGA-13-A5FT        1.0         1.0  ...        NaN        NaN
TCGA-18-3415        1.0         NaN  ...        NaN        NaN
TCGA-29-A5NZ        NaN         1.0  ...        NaN        NaN
TCGA-2G-AAF6        1.0         NaN  ...        NaN        1.0
TCGA-2G-AAF8        1.0         NaN  ...        NaN        1.0
...                 ...         ...  ...        ...        ...
TCGA-ZF-AA53        1.0         NaN  ...        NaN        NaN
TCGA-ZF-AA58        1.0         NaN  ...        NaN        NaN
TCGA-ZF-AA5H        0.0         NaN  ...        NaN        NaN
TCGA-ZM-AA05        1.0         NaN  ...        NaN        1.0
TCGA-ZM-AA06        1.0         NaN  ...        NaN        1.0

[568 rows x 8 columns]
replaced_tcga_labeled_df========================================================
              Cisplatin  Paclitaxel  ...  Docetaxel  Etoposide
TCGA-13-A5FT        1.0         1.0  ...        0.0        0.0
TCGA-18-3415        1.0         0.0  ...        0.0        0.0
TCGA-29-A5NZ        0.0         1.0  ...        0.0        0.0
TCGA-2G-AAF6        1.0         0.0  ...        0.0        1.0
TCGA-2G-AAF8        1.0         0.0  ...        0.0        1.0
...                 ...         ...  ...        ...        ...
TCGA-ZF-AA53        1.0         0.0  ...        0.0        0.0
TCGA-ZF-AA58        1.0         0.0  ...        0.0        0.0
TCGA-ZF-AA5H       -1.0         0.0  ...        0.0        0.0
TCGA-ZM-AA05        1.0         0.0  ...        0.0        1.0
TCGA-ZM-AA06        1.0         0.0  ...        0.0        1.0

[568 rows x 8 columns]
tcga_labeled_gex_feature_df==============================================
                 PARVA     FMNL1      SORD  ...       LBH      MT1G       LYN
TCGA-13-A5FT -0.739746  0.166437 -0.546616  ... -0.732071  0.019915 -0.011012
TCGA-18-3415  0.505251 -0.930455  0.967023  ...  0.844738 -0.567679  1.088665
TCGA-29-A5NZ  0.761802  0.353674  0.319510  ...  1.026840  0.511013  0.527893
TCGA-2G-AAF6 -2.402115  0.709221 -0.408143  ...  1.313944  0.778215 -0.039788
TCGA-2G-AAF8 -2.070923  0.396190 -0.757098  ...  1.092503  1.393490 -0.303634
...                ...       ...       ...  ...       ...       ...       ...
TCGA-ZF-AA53 -0.140050  0.316769 -0.853720  ...  0.200803  0.434672  0.844303
TCGA-ZF-AA58  0.729927  1.783304 -1.299105  ...  0.293584  0.572052  0.753146
TCGA-ZF-AA5H -0.046504  1.203150 -0.530319  ...  0.508237 -0.040612  0.613372
TCGA-ZM-AA05 -2.641976  0.824592 -1.899810  ... -1.297006  0.814065 -0.064098
TCGA-ZM-AA06 -2.550445  0.096850 -1.820648  ... -0.359298  1.185442 -1.291784

[568 rows x 1426 columns]
Cell Line labels==============================================================
DRUG_NAME   cisplatin  paclitaxel  ...  docetaxel  etoposide
ACH-000534        1.0         1.0  ...        1.0        0.0
ACH-001498        0.0         1.0  ...        1.0        1.0
ACH-000545        1.0         1.0  ...        1.0        1.0
ACH-001617        0.0         NaN  ...        1.0        NaN
ACH-000470        0.0         1.0  ...        0.0        0.0
...               ...         ...  ...        ...        ...
ACH-000603        0.0         NaN  ...        0.0        0.0
ACH-000916        0.0         0.0  ...        0.0        0.0
ACH-000978        0.0         0.0  ...        0.0        0.0
ACH-000561        0.0         1.0  ...        1.0        0.0
ACH-000052        1.0         1.0  ...        1.0        1.0

[680 rows x 8 columns]
Replaced ccle_labels=====================================================
DRUG_NAME   cisplatin  paclitaxel  ...  docetaxel  etoposide
ACH-000534        1.0         1.0  ...        1.0       -1.0
ACH-001498       -1.0         1.0  ...        1.0        1.0
ACH-000545        1.0         1.0  ...        1.0        1.0
ACH-001617       -1.0         0.0  ...        1.0        0.0
ACH-000470       -1.0         1.0  ...       -1.0       -1.0
...               ...         ...  ...        ...        ...
ACH-000603       -1.0         0.0  ...       -1.0       -1.0
ACH-000916       -1.0        -1.0  ...       -1.0       -1.0
ACH-000978       -1.0        -1.0  ...       -1.0       -1.0
ACH-000561       -1.0         1.0  ...        1.0       -1.0
ACH-000052        1.0         1.0  ...        1.0        1.0

[680 rows x 8 columns]
Sum of Cell Line labels=======================================================
DRUG_NAME
cisplatin           70.0
paclitaxel          38.0
cyclophosphamide    65.0
doxorubicin        -22.0
5-fluorouracil     -17.0
gemcitabine          9.0
docetaxel           13.0
etoposide           20.0
dtype: float64
[70.0, 38.0, 65.0, -22.0, -17.0, 9.0, 13.0, 20.0]
Label Graph===================================================================
[[ 70. 235. 221. 218. 242. 285. 251. 219.]
 [235.  38. 233. 199. 225. 223. 260. 194.]
 [221. 233.  65. 180. 190. 206. 225. 168.]
 [218. 199. 180. -22. 193. 230. 213. 247.]
 [242. 225. 190. 193. -17. 242. 233. 185.]
 [285. 223. 206. 230. 242.   9. 241. 227.]
 [251. 260. 225. 213. 233. 241.  13. 207.]
 [219. 194. 168. 247. 185. 227. 207.  20.]]
Normalizered Label Graph============================================================
[[0 1 1 1 1 1 1 1]
 [1 0 1 1 1 1 1 1]
 [1 1 0 1 1 1 1 1]
 [1 1 1 0 1 1 1 1]
 [1 1 1 1 0 1 1 1]
 [1 1 1 1 1 0 1 1]
 [1 1 1 1 1 1 0 1]
 [1 1 1 1 1 1 1 0]]
Label Similarity============================================================
[[1.         0.00138313 0.00269542 0.00200938 0.         0.0019802
  0.00139567 0.00143472]
 [0.00138313 1.         0.16827853 0.59391965 0.09145527 0.42890443
  0.92436412 0.57468073]
 [0.00269542 0.16827853 1.         0.17424242 0.05871212 0.16709075
  0.17198697 0.17255163]
 [0.00200938 0.59391965 0.17424242 1.         0.09499024 0.43678161
  0.59901532 0.68753657]
 [0.         0.09145527 0.05871212 0.09499024 1.         0.11121409
  0.09446694 0.09022039]
 [0.0019802  0.42890443 0.16709075 0.43678161 0.11121409 1.
  0.42050087 0.41676505]
 [0.00139567 0.92436412 0.17198697 0.59901532 0.09446694 0.42050087
  1.         0.57445622]
 [0.00143472 0.57468073 0.17255163 0.68753657 0.09022039 0.41676505
  0.57445622 1.        ]]
-------------------- ['Cisplatin', 'Paclitaxel', 'Cyclophosphamide', 'Doxorubicin', '5-Fluorouracil', 'Gemcitabine', 'Docetaxel', 'Etoposide']
Cline training samples: torch.Size([544, 8])
Cline testing samples: torch.Size([136, 8])
TCGA testing samples: torch.Size([568, 8])
classification training epoch 0
classification training epoch 50
------domain adaption--------------
8-drug Elapsed time:  198.9403
-------------------- ['Cisplatin', 'Paclitaxel', 'Cyclophosphamide', 'Doxorubicin', '5-Fluorouracil', 'Gemcitabine', 'Docetaxel', 'Etoposide']
Cline training samples: torch.Size([544, 8])
Cline testing samples: torch.Size([136, 8])
TCGA testing samples: torch.Size([568, 8])
classification training epoch 0
classification training epoch 50
------domain adaption--------------
8-drug Elapsed time:  200.3189
-------------------- ['Cisplatin', 'Paclitaxel', 'Cyclophosphamide', 'Doxorubicin', '5-Fluorouracil', 'Gemcitabine', 'Docetaxel', 'Etoposide']
Cline training samples: torch.Size([544, 8])
Cline testing samples: torch.Size([136, 8])
TCGA testing samples: torch.Size([568, 8])
classification training epoch 0
classification training epoch 50
------domain adaption--------------
8-drug Elapsed time:  211.6898
-------------------- ['Cisplatin', 'Paclitaxel', 'Cyclophosphamide', 'Doxorubicin', '5-Fluorouracil', 'Gemcitabine', 'Docetaxel', 'Etoposide']
Cline training samples: torch.Size([544, 8])
Cline testing samples: torch.Size([136, 8])
TCGA testing samples: torch.Size([568, 8])
classification training epoch 0
classification training epoch 50
------domain adaption--------------
8-drug Elapsed time:  228.6732
/home/liuxuan/projects/Multi_HDA/data.py:191: FutureWarning: Series.__getitem__ treating keys as positions is deprecated. In a future version, integer keys will always be treated as labels (consistent with DataFrame behavior). To access a value by position, use `ser.iloc[pos]`
  if ccle_labels.iloc[i][idx] == 1:
/home/liuxuan/projects/Multi_HDA/data.py:195: FutureWarning: Series.__getitem__ treating keys as positions is deprecated. In a future version, integer keys will always be treated as labels (consistent with DataFrame behavior). To access a value by position, use `ser.iloc[pos]`
  if ccle_labels.iloc[i][j] == 1:
-------------------- ['Cisplatin', 'Paclitaxel', 'Cyclophosphamide', 'Doxorubicin', '5-Fluorouracil', 'Gemcitabine', 'Docetaxel', 'Etoposide']
Cline training samples: torch.Size([544, 8])
Cline testing samples: torch.Size([136, 8])
TCGA testing samples: torch.Size([568, 8])
classification training epoch 0
classification training epoch 50
------domain adaption--------------
8-drug Elapsed time:  242.7564
AE training epoch 0
AE training epoch 50
tcga_labeled_df========================================================
              Cisplatin  Paclitaxel  ...  Docetaxel  Etoposide
TCGA-13-A5FT        1.0         1.0  ...        NaN        NaN
TCGA-18-3415        1.0         NaN  ...        NaN        NaN
TCGA-29-A5NZ        NaN         1.0  ...        NaN        NaN
TCGA-2G-AAF6        1.0         NaN  ...        NaN        1.0
TCGA-2G-AAF8        1.0         NaN  ...        NaN        1.0
...                 ...         ...  ...        ...        ...
TCGA-ZF-AA53        1.0         NaN  ...        NaN        NaN
TCGA-ZF-AA58        1.0         NaN  ...        NaN        NaN
TCGA-ZF-AA5H        0.0         NaN  ...        NaN        NaN
TCGA-ZM-AA05        1.0         NaN  ...        NaN        1.0
TCGA-ZM-AA06        1.0         NaN  ...        NaN        1.0

[568 rows x 8 columns]
replaced_tcga_labeled_df========================================================
              Cisplatin  Paclitaxel  ...  Docetaxel  Etoposide
TCGA-13-A5FT        1.0         1.0  ...        0.0        0.0
TCGA-18-3415        1.0         0.0  ...        0.0        0.0
TCGA-29-A5NZ        0.0         1.0  ...        0.0        0.0
TCGA-2G-AAF6        1.0         0.0  ...        0.0        1.0
TCGA-2G-AAF8        1.0         0.0  ...        0.0        1.0
...                 ...         ...  ...        ...        ...
TCGA-ZF-AA53        1.0         0.0  ...        0.0        0.0
TCGA-ZF-AA58        1.0         0.0  ...        0.0        0.0
TCGA-ZF-AA5H       -1.0         0.0  ...        0.0        0.0
TCGA-ZM-AA05        1.0         0.0  ...        0.0        1.0
TCGA-ZM-AA06        1.0         0.0  ...        0.0        1.0

[568 rows x 8 columns]
tcga_labeled_gex_feature_df==============================================
                 PARVA     FMNL1      SORD  ...       LBH      MT1G       LYN
TCGA-13-A5FT -0.739746  0.166437 -0.546616  ... -0.732071  0.019915 -0.011012
TCGA-18-3415  0.505251 -0.930455  0.967023  ...  0.844738 -0.567679  1.088665
TCGA-29-A5NZ  0.761802  0.353674  0.319510  ...  1.026840  0.511013  0.527893
TCGA-2G-AAF6 -2.402115  0.709221 -0.408143  ...  1.313944  0.778215 -0.039788
TCGA-2G-AAF8 -2.070923  0.396190 -0.757098  ...  1.092503  1.393490 -0.303634
...                ...       ...       ...  ...       ...       ...       ...
TCGA-ZF-AA53 -0.140050  0.316769 -0.853720  ...  0.200803  0.434672  0.844303
TCGA-ZF-AA58  0.729927  1.783304 -1.299105  ...  0.293584  0.572052  0.753146
TCGA-ZF-AA5H -0.046504  1.203150 -0.530319  ...  0.508237 -0.040612  0.613372
TCGA-ZM-AA05 -2.641976  0.824592 -1.899810  ... -1.297006  0.814065 -0.064098
TCGA-ZM-AA06 -2.550445  0.096850 -1.820648  ... -0.359298  1.185442 -1.291784

[568 rows x 1426 columns]
Cell Line labels==============================================================
DRUG_NAME   cisplatin  paclitaxel  ...  docetaxel  etoposide
ACH-000534        1.0         1.0  ...        1.0        0.0
ACH-001498        0.0         1.0  ...        1.0        1.0
ACH-000545        1.0         1.0  ...        1.0        1.0
ACH-001617        0.0         NaN  ...        1.0        NaN
ACH-000470        0.0         1.0  ...        0.0        0.0
...               ...         ...  ...        ...        ...
ACH-000603        0.0         NaN  ...        0.0        0.0
